ensemble_results_in_test24
[0.7344054580896687, 0.669103313840156, 0.790448343079922, 0.8567251461988304, 0.8045808966861598, 0.7270955165692007, 0.5852826510721247, 0.8114035087719298, 0.7538699690402477, 0.6197110423116616]
0.7352625845659901
#########################
ensemble_results_in_validation24
[0.8071905339805825, 0.8618021844660194, 0.813865291262136, 0.7877730582524272, 0.7836771844660194, 0.8410194174757283, 0.8586165048543689, 0.8881978155339806, 0.8592233009708737, 0.7810983009708738]
0.828246359223301
#########################
times_all_folds:
[(36.84608054161072, 63.21434020996094, 11.697590589523315, 4.691775798797607), (37.41035056114197, 56.84208679199219, 9.921219825744629, 7.169368028640747), (41.3796763420105, 81.98921942710876, 14.337405443191528, 8.291563510894775), (46.08893322944641, 86.81393790245056, 18.828638553619385, 7.658425807952881), (59.57181000709534, 97.51120114326477, 11.333858966827393, 6.604450225830078), (38.16531229019165, 59.818113565444946, 12.095066547393799, 5.992371559143066), (44.856738328933716, 71.54235124588013, 13.256042957305908, 7.285269737243652), (42.96627974510193, 66.4974615573883, 10.398988962173462, 8.581480264663696), (36.011791706085205, 65.11950612068176, 11.972981929779053, 6.451130628585815), (38.51665186882019, 57.54505896568298, 10.130107402801514, 5.7969160079956055)]
#########################
total_time_caruana_ensemble_function:  [1321.5560507774353]
avg x fold t0:  42.181362462043765
avg x fold t1:  70.68932769298553
avg x fold t2:  12.397190117835999
avg x fold t3:  6.852275156974793
time_building_validate_pipelines:  22.875861406326294
Total time:  [(1344.5624959468842, 'dataset24')]
